[{"id": 0, "img_name": "r_0", "width": 801, "height": 802, "position": [-3.8641006871695454, 2.0644143605910314, -0.5846264664051879], "rotation": [[0.5235135528891078, -0.25188158748198086, 0.8139344112574309], [0.4612698716481825, 0.8869821972027627, -0.022196561783946255], [-0.7163544272572707, 0.3870636223321904, 0.5805325889353593]], "fy": 1107.370371851383, "fx": 1107.0813782412656}, {"id": 1, "img_name": "r_1", "width": 801, "height": 802, "position": [-2.826685280217593, 2.5880915691530073, -1.581026721360187], "rotation": [[0.78984907002109, -0.19403809326050286, 0.5817969275878377], [0.3313298897547216, 0.9332870325794655, -0.13854897680654216], [-0.5160997488295682, 0.30219949236033494, 0.8014465147938523]], "fy": 1107.370371851383, "fx": 1107.0813782412656}, {"id": 2, "img_name": "r_10", "width": 801, "height": 802, "position": [3.6497135873404027, 2.2445189169575728, -0.23106548530739948], "rotation": [[0.466062629412482, 0.19571288752189583, -0.8628337563650169], [-0.4827631252056868, 0.873508442570916, -0.06263198622885109], [0.7414346838439391, 0.44573474894288245, 0.5015926067817027]], "fy": 1107.370371851383, "fx": 1107.0813782412656}, {"id": 3, "img_name": "r_11", "width": 801, "height": 802, "position": [-2.7813862422220037, -0.5802544499768805, -0.6278805100284496], "rotation": [[0.3116149242056825, -0.758008846289195, 0.5729910365438625], [0.5156191157923088, 0.6414047314089414, 0.5680993733104985], [-0.798143512434853, 0.11841688846421818, 0.5907151378495464]], "fy": 1107.370371851383, "fx": 1107.0813782412656}, {"id": 4, "img_name": "r_12", "width": 801, "height": 802, "position": [-1.8514162201897146, -0.3958290558070056, -1.4203858052194243], "rotation": [[0.7019134140918352, -0.6115728297348612, 0.36509756647783637], [0.38588836849449865, 0.7573644999747692, 0.5267724188286835], [-0.598671634686827, -0.2288617226800112, 0.7676031433711954]], "fy": 1107.370371851383, "fx": 1107.0813782412656}, {"id": 5, "img_name": "r_13", "width": 801, "height": 802, "position": [1.7614405402375208, -0.8419808492692792, 4.891715770556204], "rotation": [[-0.893251695188141, 0.08726324589991807, -0.4410062754185274], [-0.2368042533255102, 0.7425200530775465, 0.6265682056924569], [0.3821323784377074, 0.6641152736481275, -0.6425929883346163]], "fy": 1107.370371851383, "fx": 1107.0813782412656}, {"id": 6, "img_name": "r_14", "width": 801, "height": 802, "position": [0.7745574589194376, -0.2689278187173937, -1.7421118699917935], "rotation": [[0.8895986139379732, 0.39982806018081046, -0.22079816206591654], [-0.24961046025154981, 0.8304278843550472, 0.4980804623939888], [0.3825034956868316, -0.38797815811930764, 0.8385487610209101]], "fy": 1107.370371851383, "fx": 1107.0813782412656}, {"id": 7, "img_name": "r_15", "width": 801, "height": 802, "position": [-4.130151067269229, -0.21058665863802004, 1.9087673928046067], "rotation": [[-0.26910949871500994, -0.4044570032725863, 0.8740678521745978], [0.5259042246398842, 0.6985913298432699, 0.4851751234077587], [-0.8068486996998125, 0.5902412103297859, 0.02470808412546612]], "fy": 1107.370371851383, "fx": 1107.0813782412656}, {"id": 8, "img_name": "r_16", "width": 801, "height": 802, "position": [2.003209320948508, 1.2303584647388643, -1.80830262604807], "rotation": [[0.7842784785601264, 0.3738961143821011, -0.4950848045712775], [-0.3384015462515642, 0.9266454020688477, 0.1637458161884255], [0.5199919822093065, 0.03911514380172936, 0.8532750693436472]], "fy": 1107.370371851383, "fx": 1107.0813782412656}, {"id": 9, "img_name": "r_17", "width": 801, "height": 802, "position": [-1.2653193224229196, -1.3011078419934472, 4.890981996544561], "rotation": [[-0.9702614723606923, -0.05771094611373283, 0.2350789696062131], [0.13682975710839465, 0.6703527539574619, 0.7293180395625108], [-0.1996754687539728, 0.7397949931976454, -0.6425208753165741]], "fy": 1107.370371851383, "fx": 1107.0813782412656}, {"id": 10, "img_name": "r_18", "width": 801, "height": 802, "position": [-0.8750209342393049, -2.1529887671896524, 0.387133444114921], "rotation": [[-0.8049317911775692, -0.5746525640404831, 0.14784871387119958], [0.325970911070057, -0.22004622989938302, 0.9194142819443388], [-0.49581022245192397, 0.7882601647608268, 0.3644422258238026]], "fy": 1107.370371851383, "fx": 1107.0813782412656}, {"id": 11, "img_name": "r_19", "width": 801, "height": 802, "position": [0.05194191628529927, -1.4829201804568803, 4.859775840387051], "rotation": [[-0.997887072051844, 0.026915333281279527, -0.059135067989774345], [-0.028419617930072708, 0.6376519745311022, 0.7698001589330151], [0.05842702070537464, 0.7698542227012489, -0.6355397383646041]], "fy": 1107.370371851383, "fx": 1107.0813782412656}, {"id": 12, "img_name": "r_2", "width": 801, "height": 802, "position": [3.3050199858966827, 1.8858837816033318, -0.7549727502081881], "rotation": [[0.5434579036682565, 0.29578844114346137, -0.7855970373075659], [-0.45840813065852204, 0.8885706036105436, 0.017443283674627233], [0.7032179553215797, 0.3506443789441308, 0.6184925438743959]], "fy": 1107.370371851383, "fx": 1107.0813782412656}, {"id": 13, "img_name": "r_20", "width": 801, "height": 802, "position": [1.534714520461479, -1.748711201604681, 3.817021531068797], "rotation": [[-0.8941888607066034, 0.22005782550424258, -0.38987284442824494], [-0.2362934995233729, 0.5076865558330699, 0.8285045220814143], [0.38025210515028574, 0.8329639334693305, -0.40196942927053086]], "fy": 1107.370371851383, "fx": 1107.0813782412656}, {"id": 14, "img_name": "r_21", "width": 801, "height": 802, "position": [1.8442526282997977, -1.4853534016799343, 0.03115354717141299], "rotation": [[-0.09774857031455045, 0.8828097832656855, -0.459447606993283], [-0.5399342882023335, 0.3407669368192605, 0.7696420331519435], [0.8360120701430693, 0.3233029250427703, 0.443349791061063]], "fy": 1107.370371851383, "fx": 1107.0813782412656}, {"id": 15, "img_name": "r_22", "width": 801, "height": 802, "position": [-3.268781222388977, -1.3164212721937363, 2.143346635801993], "rotation": [[-0.5263866378965478, -0.508348285553356, 0.6815417287436853], [0.4631229710196516, 0.5008103808882961, 0.7312359920767374], [-0.7130457356705097, 0.700550485667866, -0.028192124301263076]], "fy": 1107.370371851383, "fx": 1107.0813782412656}, {"id": 16, "img_name": "r_23", "width": 801, "height": 802, "position": [-0.04523585158200773, 1.6719109561668313, -2.447250021073401], "rotation": [[0.9987625135407463, 0.03211680219223245, -0.037973050479459626], [-0.029585514563149846, 0.9974177992859294, 0.06544028572406317], [0.03997672915339904, -0.06423585201862266, 0.9971337003840746]], "fy": 1107.370371851383, "fx": 1107.0813782412656}, {"id": 17, "img_name": "r_24", "width": 801, "height": 802, "position": [3.424401222480414, 0.11655939028521205, 0.16770298639793813], "rotation": [[0.14780707107001645, 0.5642835565667345, -0.8122420436853165], [-0.5387355063036062, 0.7346632258734421, 0.41235179009799955], [0.8294076946770508, 0.37663511830102153, 0.41258800718498284]], "fy": 1107.370371851383, "fx": 1107.0813782412656}, {"id": 18, "img_name": "r_25", "width": 801, "height": 802, "position": [2.367967840037763, 2.191422160896684, -1.2904935166017306], "rotation": [[0.6274669185272361, 0.23006853043271394, -0.7438775016482663], [-0.34353272177056204, 0.9391404563375233, 0.0006872721862144288], [0.6987635760590591, 0.2551150222442412, 0.6683156366556717]], "fy": 1107.370371851383, "fx": 1107.0813782412656}, {"id": 19, "img_name": "r_26", "width": 801, "height": 802, "position": [-4.412737057548109, 2.051216343040793, 0.44130308020611986], "rotation": [[0.3107263833755763, -0.16608702975104697, 0.9358761740865131], [0.5162219239280174, 0.856234180772306, -0.01944101163094625], [-0.7981002693461461, 0.4891606343785782, 0.35179231635150326]], "fy": 1107.370371851383, "fx": 1107.0813782412656}, {"id": 20, "img_name": "r_27", "width": 801, "height": 802, "position": [-2.849116634596278, 0.6367893071840033, -1.3554121379974335], "rotation": [[0.6265083408845012, -0.5119613951537486, 0.5876928012783352], [0.42215348562590926, 0.8567344179218798, 0.2962981129233749], [-0.6551898452937475, 0.062463325402071834, 0.7528775462209444]], "fy": 1107.370371851383, "fx": 1107.0813782412656}, {"id": 21, "img_name": "r_28", "width": 801, "height": 802, "position": [1.1248979598719964, -1.9705696382571882, 3.6870277746533557], "rotation": [[-0.9336110284422368, 0.19783063642846233, -0.2987197463532301], [-0.18793780615595937, 0.43943258089286036, 0.8783953482727038], [0.30504069988825033, 0.8762203182648466, -0.3730792479776074]], "fy": 1107.370371851383, "fx": 1107.0813782412656}, {"id": 22, "img_name": "r_29", "width": 801, "height": 802, "position": [3.748971309082286, 0.07493520722954361, 1.121453880891672], "rotation": [[-0.06963120378322923, 0.46121652038448147, -0.8845511951176875], [-0.5425982621859398, 0.7265561077904304, 0.4215487493816327], [0.8371013208283071, 0.5093088881581115, 0.19966430605056046]], "fy": 1107.370371851383, "fx": 1107.0813782412656}, {"id": 23, "img_name": "r_3", "width": 801, "height": 802, "position": [2.0460245317057315, -1.1374463384607287, -0.293286641300282], "rotation": [[0.11243077469390754, 0.8559227962935764, -0.5047330855875338], [-0.5397997572815486, 0.4790762200482633, 0.6921720865673863], [0.8342514866276889, 0.19463335317784822, 0.5158898282484721]], "fy": 1107.370371851383, "fx": 1107.0813782412656}, {"id": 24, "img_name": "r_30", "width": 801, "height": 802, "position": [-1.708632842551755, -2.1321786257719917, 0.9947605994907186], "rotation": [[-0.6769752646591919, -0.6559656315166931, 0.3337867302762679], [0.40120403503518726, 0.051312986141815876, 0.9145503265128133], [-0.6170411763497637, 0.753044532363203, 0.22843843583509324]], "fy": 1107.370371851383, "fx": 1107.0813782412656}, {"id": 25, "img_name": "r_31", "width": 801, "height": 802, "position": [0.3157802846350103, -0.8543796735604416, -1.4251453404871246], "rotation": [[0.9281383520377151, 0.3528958591024761, -0.11842175520164973], [-0.20491029372711161, 0.7499763742134343, 0.6289254404508847], [0.3107587022134424, -0.5594639852126282, 0.7683938301734475]], "fy": 1107.370371851383, "fx": 1107.0813782412656}, {"id": 26, "img_name": "r_32", "width": 801, "height": 802, "position": [2.0301512452360395, 3.2112052507357567, -1.6574345829816468], "rotation": [[0.8584546165486613, 0.11011800160200896, -0.500928834316284], [-0.28014457552054584, 0.9187874976831807, -0.27811607452193815], [0.42962156385906, 0.37908252376528656, 0.8195863298292843]], "fy": 1107.370371851383, "fx": 1107.0813782412656}, {"id": 27, "img_name": "r_33", "width": 801, "height": 802, "position": [0.5789688318228458, -2.4343660545525854, 2.3102116028355884], "rotation": [[-0.9550778674839986, 0.23782515521371997, -0.17682042469632173], [-0.15509012432473054, 0.10732237822093428, 0.9820534407403408], [0.25253380046868423, 0.9653606075869124, -0.06561689523491686]], "fy": 1107.370371851383, "fx": 1107.0813782412656}, {"id": 28, "img_name": "r_34", "width": 801, "height": 802, "position": [-1.4269191168429318, 1.9736214338317017, -2.2973645891917895], "rotation": [[0.9489442625358961, -0.16264990000147353, 0.27027725880975434], [0.16948375172844654, 0.9855310003407864, -0.001976174926217158], [-0.2660451925900082, 0.047682883687958574, 0.9627805035951581]], "fy": 1107.370371851383, "fx": 1107.0813782412656}, {"id": 29, "img_name": "r_35", "width": 801, "height": 802, "position": [0.30042983550803676, 2.6617789593684886, -2.376203270822877], "rotation": [[0.991920942496993, 0.053447438479385774, -0.11504875121386317], [-0.07114739094055952, 0.9852373440693225, -0.15570942365052523], [0.10502805624321669, 0.1626368567429284, 0.981080200712741]], "fy": 1107.370371851383, "fx": 1107.0813782412656}, {"id": 30, "img_name": "r_36", "width": 801, "height": 802, "position": [0.7662437233207877, -2.3626129297399583, 2.642839167370403], "rotation": [[-0.9441608820467857, 0.24654974639148883, -0.21857138734730874], [-0.17306598045276822, 0.1933905189645588, 0.965737165891704], [0.28037188736133434, 0.9496385258238584, -0.13992238937543874]], "fy": 1107.370371851383, "fx": 1107.0813782412656}, {"id": 31, "img_name": "r_37", "width": 801, "height": 802, "position": [-1.1761844932354741, -1.992884109572708, 0.15259247722042818], "rotation": [[-0.5238717603918054, -0.824223156415812, 0.21497573605396994], [0.4643697653429025, -0.06477456886684028, 0.8832694811117907], [-0.7140861990679892, 0.5625481700761905, 0.4166778811558892]], "fy": 1107.370371851383, "fx": 1107.0813782412656}, {"id": 32, "img_name": "r_38", "width": 801, "height": 802, "position": [-1.9695617076407108, 2.5849990282639514, -2.064324959330976], "rotation": [[0.9067925486390431, -0.15771158952428188, 0.3909658914309952], [0.2272530663919506, 0.9639761141009625, -0.13822479972227816], [-0.3550821278917935, 0.2141894161076421, 0.9099667996577147]], "fy": 1107.370371851383, "fx": 1107.0813782412656}, {"id": 33, "img_name": "r_39", "width": 801, "height": 802, "position": [-1.768239081836941, -0.8421589456277835, -1.1073328166911351], "rotation": [[0.5805739629789163, -0.7366906967333641, 0.34672855500732325], [0.4410265964097101, 0.642501810646106, 0.6266474005178205], [-0.684419034488538, -0.21089865021613052, 0.6979200130149525]], "fy": 1107.370371851383, "fx": 1107.0813782412656}, {"id": 34, "img_name": "r_4", "width": 801, "height": 802, "position": [-4.2666936893068526, 0.08474364198081458, 2.367625898596321], "rotation": [[-0.30900029229388193, -0.29379266248670916, 0.9045466769776259], [0.5182411517925011, 0.7454728471742452, 0.419161475704419], [-0.7974615526475725, 0.5982943302379647, -0.0780958798786964]], "fy": 1107.370371851383, "fx": 1107.0813782412656}, {"id": 35, "img_name": "r_40", "width": 801, "height": 802, "position": [0.1249991712508286, 2.7553341853566176, -2.37803800022688], "rotation": [[0.9965229705627164, 0.03439223179560098, -0.0758890211623329], [-0.047376738516182085, 0.9831481175691987, -0.17656506893411997], [0.06853768152212815, 0.17954652130369686, 0.9813590743959687]], "fy": 1107.370371851383, "fx": 1107.0813782412656}, {"id": 36, "img_name": "r_41", "width": 801, "height": 802, "position": [-3.739433608496773, 2.663389413285244, -0.670498724167853], "rotation": [[0.5992541087480204, -0.15495359985751095, 0.7854195662445737], [0.43349547296262436, 0.8876153541613452, -0.15562987495317382], [-0.6730350570880587, 0.4337376683529206, 0.5990788320265084]], "fy": 1107.370371851383, "fx": 1107.0813782412656}, {"id": 37, "img_name": "r_42", "width": 801, "height": 802, "position": [-4.260375554910674, 2.3457680122685365, 0.12614899789851583], "rotation": [[0.4059699085793167, -0.14355580720012143, 0.9025409484046816], [0.49524431852530637, 0.8645608791789956, -0.08524993349936963], [-0.7680634728305374, 0.4815871846429923, 0.42208089898872503]], "fy": 1107.370371851383, "fx": 1107.0813782412656}, {"id": 38, "img_name": "r_43", "width": 801, "height": 802, "position": [0.06039910282551399, -2.495343911222615, 2.3558108269498943], "rotation": [[-0.9940016075885767, 0.09077630221335377, -0.060995631546807795], [-0.0536701004085004, 0.08106222523909762, 0.9952629983885801], [0.09529073634653874, 0.9925666620412734, -0.07570400894786676]], "fy": 1107.370371851383, "fx": 1107.0813782412656}, {"id": 39, "img_name": "r_44", "width": 801, "height": 802, "position": [1.8252264460515626, -0.6143598271366927, -1.0279981059040382], "rotation": [[0.49144537633553326, 0.7424709737751286, -0.45521236272737386], [-0.47409642547809816, 0.6665277073667993, 0.5753028721128101], [0.7305573361669269, -0.06691538248990568, 0.6795647946729683]], "fy": 1107.370371851383, "fx": 1107.0813782412656}, {"id": 40, "img_name": "r_45", "width": 801, "height": 802, "position": [-0.4240173310180047, 1.4816826311796147, -2.429387924341357], "rotation": [[0.9983294553865204, -0.0340348050798266, 0.046689726394912597], [0.02883190425099448, 0.993742919570959, 0.1079061216977431], [-0.05007014884055244, -0.10637970598645621, 0.9930641159307492]], "fy": 1107.370371851383, "fx": 1107.0813782412656}, {"id": 41, "img_name": "r_46", "width": 801, "height": 802, "position": [2.462187173453333, -1.6054910078540654, 1.6326526789250921], "rotation": [[-0.5142344840225612, 0.614946754411164, -0.5978322379072791], [-0.4635386309795402, 0.38719671203799344, 0.7970010312267988], [0.7215918742832846, 0.6869637511733371, 0.08594167523497279]], "fy": 1107.370371851383, "fx": 1107.0813782412656}, {"id": 42, "img_name": "r_47", "width": 801, "height": 802, "position": [-1.3976172813735555, -1.5827576100704153, -0.44951460627535533], "rotation": [[0.12595377194097737, -0.9562352504534312, 0.26410186126588303], [0.5380058944028284, 0.28951420642423387, 0.7916635534533333], [-0.8334778370908565, 0.04237534741815844, 0.550925607509342]], "fy": 1107.370371851383, "fx": 1107.0813782412656}, {"id": 43, "img_name": "r_48", "width": 801, "height": 802, "position": [0.8506645901338082, -2.0063886139907496, 0.24300472578975937], "rotation": [[-0.523008369979049, 0.8185028499596027, -0.23772953022261697], [-0.460956238767884, -0.037020026448791016, 0.8866503615195203], [0.7169250943249393, 0.5733084704151324, 0.39665577882773584]], "fy": 1107.370371851383, "fx": 1107.0813782412656}, {"id": 44, "img_name": "r_49", "width": 801, "height": 802, "position": [-0.5013643234121062, -2.4325501832149428, 1.2037229774098728], "rotation": [[-0.9881371267763319, -0.13945014195910166, 0.06433254692456254], [0.08808079714855138, -0.17145801555690973, 0.9812461067820661], [-0.1258045780561677, 0.9752721706318049, 0.1817069105214131]], "fy": 1107.370371851383, "fx": 1107.0813782412656}, {"id": 45, "img_name": "r_5", "width": 801, "height": 802, "position": [1.0820161250034859, 0.9800788675849412, -2.157091435493067], "rotation": [[0.9152186021863434, 0.2802414598302492, -0.289550745818909], [-0.2213980629272553, 0.9501005563452706, 0.219754022862988], [0.3366865128634271, -0.13701699538604112, 0.9315946194731092]], "fy": 1107.370371851383, "fx": 1107.0813782412656}, {"id": 46, "img_name": "r_50", "width": 801, "height": 802, "position": [-3.6803138583451847, -0.04558253661584438, 0.013188814091361054], "rotation": [[0.1687295716537032, -0.6108351851058003, 0.773570105605381], [0.5349562774762998, 0.7159256644993379, 0.44863373045267313], [-0.8278599596781195, 0.3381284068929203, 0.4475679474826116]], "fy": 1107.370371851383, "fx": 1107.0813782412656}, {"id": 47, "img_name": "r_51", "width": 801, "height": 802, "position": [-2.1917334296931896, 3.0690052181236838, -1.8570231182877968], "rotation": [[0.8900227889267339, -0.11827554746641383, 0.4403070860917395], [0.24632116408095403, 0.937423810438054, -0.24609446102991214], [-0.38364738930022985, 0.327486632544474, 0.8634623247066421]], "fy": 1107.370371851383, "fx": 1107.0813782412656}, {"id": 48, "img_name": "r_52", "width": 801, "height": 802, "position": [3.4893368437747903, 1.2992762973373777, -0.41632324285835764], "rotation": [[0.4122718414430235, 0.38300467378999786, -0.8266434228905448], [-0.4969792657861588, 0.8549990824003421, 0.14828411402852174], [0.7635728767654264, 0.3496912766278141, 0.5428374277061047]], "fy": 1107.370371851383, "fx": 1107.0813782412656}, {"id": 49, "img_name": "r_53", "width": 801, "height": 802, "position": [2.7865440526550653, 3.0911446582167668, -1.1150382750805992], "rotation": [[0.7334049703718948, 0.11598279467559322, -0.6698247089896278], [-0.3710771540050417, 0.893890211749351, -0.2515194527550877], [0.5695778219078746, 0.43302226348992656, 0.6986220896255299]], "fy": 1107.370371851383, "fx": 1107.0813782412656}, {"id": 50, "img_name": "r_54", "width": 801, "height": 802, "position": [0.6692098433964526, 2.1357833886734783, -2.372373824844153], "rotation": [[0.9733402337756444, 0.11692499248245732, -0.1973254556476467], [-0.12680739331921195, 0.9911927579037899, -0.03816807145593876], [0.19112476111995738, 0.06217284625989277, 0.9795947442053694]], "fy": 1107.370371851383, "fx": 1107.0813782412656}, {"id": 51, "img_name": "r_55", "width": 801, "height": 802, "position": [2.4777004266574085, -0.7358869968338245, 4.36689966473148], "rotation": [[-0.7867360583242636, 0.14245093707453355, -0.600628092132717], [-0.32847929036472745, 0.7271985944369446, 0.6027300888875692], [0.5226353703433065, 0.6714833838417144, -0.5253211730842333]], "fy": 1107.370371851383, "fx": 1107.0813782412656}, {"id": 52, "img_name": "r_56", "width": 801, "height": 802, "position": [-0.28442925666536484, -1.271565394023798, -1.0782508692248345], "rotation": [[0.9975780157188947, -0.0678045168112877, 0.015512899610989866], [0.03570559162147822, 0.6905895272164586, 0.7223650155052558], [-0.05969265684582211, -0.7200615615341065, 0.6913379306241999]], "fy": 1107.370371851383, "fx": 1107.0813782412656}, {"id": 53, "img_name": "r_57", "width": 801, "height": 802, "position": [-2.123123933021836, -1.0158490437258658, -0.7286196617303127], "rotation": [[0.34128492089955004, -0.837886153243236, 0.4259945973481827], [0.5095166626773076, 0.5457536861675224, 0.6652410724607585], [-0.7898844049737699, -0.009985401234492278, 0.6131744601183414]], "fy": 1107.370371851383, "fx": 1107.0813782412656}, {"id": 54, "img_name": "r_58", "width": 801, "height": 802, "position": [0.3079768524186079, 0.4401159397006371, -2.1611056658792993], "rotation": [[0.9806217550328222, 0.15723410299188403, -0.11686920215645052], [-0.10915530836113506, 0.9338768239480395, 0.34052782022811], [0.16268402568455576, -0.3211720949102834, 0.93294286708137]], "fy": 1107.370371851383, "fx": 1107.0813782412656}, {"id": 55, "img_name": "r_59", "width": 801, "height": 802, "position": [-2.924340199205448, -1.5314694070882857, 2.754756319559427], "rotation": [[-0.6807655631167142, -0.413159228467504, 0.604861719739743], [0.3984718901815381, 0.48400010331144444, 0.7790789772094119], [-0.6146368039822663, 0.7713905313955104, -0.16485826416597094]], "fy": 1107.370371851383, "fx": 1107.0813782412656}, {"id": 56, "img_name": "r_6", "width": 801, "height": 802, "position": [0.3563824455549908, -2.347167153044709, 3.08976980784618], "rotation": [[-0.983765686023985, 0.12666591891783155, -0.12712521381086622], [-0.09148874988207603, 0.2554229419706338, 0.96249100222292], [0.15438550335692813, 0.9584961479837919, -0.23968781915954784]], "fy": 1107.370371851383, "fx": 1107.0813782412656}, {"id": 57, "img_name": "r_60", "width": 801, "height": 802, "position": [-1.3686885824918638, 3.4680719803886433, -2.0511231618422743], "rotation": [[0.9649307304175092, -0.05404706122379467, 0.25688051827455416], [0.1413606815309587, 0.9315527833865891, -0.33500234250196154], [-0.22119186968113239, 0.3595668601773112, 0.9065240371050262]], "fy": 1107.370371851383, "fx": 1107.0813782412656}, {"id": 58, "img_name": "r_61", "width": 801, "height": 802, "position": [-2.8148294370729787, 0.05313166664109989, -1.0899526374074515], "rotation": [[0.5183972687141637, -0.6281301157458874, 0.5802730645849012], [0.46347176357940717, 0.7766405665887323, 0.42664195139874245], [-0.718650259969541, 0.04777015827680237, 0.6937289209943032]], "fy": 1107.370371851383, "fx": 1107.0813782412656}, {"id": 59, "img_name": "r_62", "width": 801, "height": 802, "position": [0.14033914158761196, -0.914219956829899, -1.3961641927615447], "rotation": [[0.9629286154215606, 0.2578097036689928, -0.07938915729759528], [-0.14830038117443983, 0.7517678500906142, 0.6425356772301843], [0.22533414864558823, -0.6069425477458651, 0.7621320523307794]], "fy": 1107.370371851383, "fx": 1107.0813782412656}, {"id": 60, "img_name": "r_63", "width": 801, "height": 802, "position": [1.344329382924715, -1.4105730524696969, 4.51620231743798], "rotation": [[-0.92867641081545, 0.1295485983971088, -0.3475302643630883], [-0.1942550875620136, 0.6283214748159545, 0.7533107494529588], [0.3159510799969006, 0.7670914449649721, -0.5583418577451842]], "fy": 1107.370371851383, "fx": 1107.0813782412656}, {"id": 61, "img_name": "r_64", "width": 801, "height": 802, "position": [-3.4649732041966708, 2.9641088283020234, -0.9167618295636234], "rotation": [[0.6792625824129763, -0.12254302464342291, 0.7235921166271064], [0.3974598740902069, 0.8902758882639162, -0.2223386859367744], [-0.6169505593010278, 0.43862518154699726, 0.653437034067562]], "fy": 1107.370371851383, "fx": 1107.0813782412656}, {"id": 62, "img_name": "r_65", "width": 801, "height": 802, "position": [3.0336327639260654, -0.3956891816165521, 4.010376324947954], "rotation": [[-0.6723538093034068, 0.15275481676985403, -0.724297122090655], [-0.3962445956045872, 0.7522101840871528, 0.526469428751308], [0.6252444126654425, 0.6409725461431086, -0.44522311207019044]], "fy": 1107.370371851383, "fx": 1107.0813782412656}, {"id": 63, "img_name": "r_66", "width": 801, "height": 802, "position": [-0.8966504242778537, 0.3478182534089428, -2.1052387771317873], "rotation": [[0.9677286836784242, -0.20090214710819923, 0.15211680404656092], [0.1348549846393966, 0.9228180470663327, 0.36086144865666586], [-0.2128739718799188, -0.32870226542571146, 0.9201301499244945]], "fy": 1107.370371851383, "fx": 1107.0813782412656}, {"id": 64, "img_name": "r_67", "width": 801, "height": 802, "position": [-3.560767350342224, 1.2118545360213517, -0.8699427740628348], "rotation": [[0.5168355078583695, -0.41956241739570366, 0.746222778884332], [0.4638519941485169, 0.8698724088503976, 0.16781930712897983], [-0.7195292803918582, 0.2594019472360993, 0.644195812178948]], "fy": 1107.370371851383, "fx": 1107.0813782412656}, {"id": 65, "img_name": "r_68", "width": 801, "height": 802, "position": [-0.17812479701170378, -2.0686705617443657, 3.9680859036602487], "rotation": [[-0.9998858488409729, 0.012922107567956385, -0.007829969576475656], [-0.0014142422038490724, 0.4359058715358716, 0.8999911505562378], [0.015042912170029524, 0.8998994889967179, -0.43583783738552345]], "fy": 1107.370371851383, "fx": 1107.0813782412656}, {"id": 66, "img_name": "r_69", "width": 801, "height": 802, "position": [2.8669625581711973, 3.0977093698368594, -1.0342760707213379], "rotation": [[0.7174228727546073, 0.11128192434694058, -0.6876923403398998], [-0.3804094806462916, 0.8895655718220702, -0.2529065449198418], [0.5836035029735047, 0.4430456260279691, 0.6805273870863239]], "fy": 1107.370371851383, "fx": 1107.0813782412656}, {"id": 67, "img_name": "r_7", "width": 801, "height": 802, "position": [0.10604199300733153, -1.8053380609466303, -0.3795231928108072], "rotation": [[-0.0966898951033857, 0.9927455116120518, -0.07146616933222082], [-0.5401787804497652, 0.007967651277078129, 0.8415125677522178], [0.8359772421164948, 0.11997027009743826, 0.5354896683933755]], "fy": 1107.370371851383, "fx": 1107.0813782412656}, {"id": 68, "img_name": "r_70", "width": 801, "height": 802, "position": [2.712864822381654, -0.8850878910319048, 3.864642239472843], "rotation": [[-0.7258134273724233, 0.21758767971097936, -0.6525721954572441], [-0.3679202744453468, 0.678769598860723, 0.6355363902362425], [0.5812310558615705, 0.7013753868652972, -0.4126051701101166]], "fy": 1107.370371851383, "fx": 1107.0813782412656}, {"id": 69, "img_name": "r_71", "width": 801, "height": 802, "position": [2.9793819940571886, -0.9954318686854372, 0.9702361784308131], "rotation": [[-0.22164772655688306, 0.6648114822515029, -0.7133708561321559], [-0.5291452476047382, 0.5324898727077295, 0.6606510746233796], [0.819071176546633, 0.5239086070396876, 0.23375666668621206]], "fy": 1107.370371851383, "fx": 1107.0813782412656}, {"id": 70, "img_name": "r_72", "width": 801, "height": 802, "position": [-1.0665084981337478, -1.567877957331975, 4.6309968232198235], "rotation": [[-0.9796044233959253, -0.06354220724262936, 0.1906241368816415], [0.1143376282979495, 0.603846084681644, 0.7888579167187515], [-0.16523341193092875, 0.794564216355974, -0.5842650303315101]], "fy": 1107.370371851383, "fx": 1107.0813782412656}, {"id": 71, "img_name": "r_73", "width": 801, "height": 802, "position": [0.3999174852351924, -2.087119041294208, 3.8289082293369874], "rotation": [[-0.9859586636003107, 0.09561917032358859, -0.13690320645666984], [-0.0849300181758404, 0.4187442810444048, 0.9041239511843803], [0.14377901684230707, 0.9030560344514801, -0.404743613855273]], "fy": 1107.370371851383, "fx": 1107.0813782412656}, {"id": 72, "img_name": "r_74", "width": 801, "height": 802, "position": [-4.22016636121548, -0.03296963796481079, 1.7931106321748822], "rotation": [[-0.2191525428104351, -0.39103830528124495, 0.8939022355842342], [0.5325430989555026, 0.7197296271579511, 0.4454066810746627], [-0.81753899646108, 0.5736534734435489, 0.05051417297711073]], "fy": 1107.370371851383, "fx": 1107.0813782412656}, {"id": 73, "img_name": "r_75", "width": 801, "height": 802, "position": [-3.4916270952822606, 2.946000685475376, -0.8945933846979923], "rotation": [[0.6727926603592692, -0.12398909509195945, 0.7293673563198274], [0.40057612720614993, 0.8898966298634234, -0.21822638353380544], [-0.6220038605018614, 0.43898826004347574, 0.6483829925782927]], "fy": 1107.370371851383, "fx": 1107.0813782412656}, {"id": 74, "img_name": "r_76", "width": 801, "height": 802, "position": [3.4575278911721576, -0.5391227718281686, 2.6210862768724863], "rotation": [[-0.4528685420091886, 0.35262302402589557, -0.8188816071846431], [-0.48384694969701264, 0.6742488637796213, 0.557925262880958], [0.748867286591802, 0.6488801681502697, -0.13473052532336305]], "fy": 1107.370371851383, "fx": 1107.0813782412656}, {"id": 75, "img_name": "r_77", "width": 801, "height": 802, "position": [-1.6769201993806993, -2.1202439437575324, 0.9009348112881596], "rotation": [[-0.6631112058817615, -0.6734547042829191, 0.3267143858376025], [0.4090967691616912, 0.039451095631729716, 0.9116377814213943], [-0.6268359929802226, 0.7381750282505241, 0.2493476801011714]], "fy": 1107.370371851383, "fx": 1107.0813782412656}, {"id": 76, "img_name": "r_78", "width": 801, "height": 802, "position": [-1.0604037991944937, 3.3724418248411925, -2.1568397550575327], "rotation": [[0.9810638767445192, -0.045542417808278425, 0.18825397187626877], [0.10404778297707744, 0.943729048853493, -0.31392601231442513], [-0.16336379220797306, 0.3275688790624925, 0.9305970668689927]], "fy": 1107.370371851383, "fx": 1107.0813782412656}, {"id": 77, "img_name": "r_79", "width": 801, "height": 802, "position": [-2.1379363890675878, -0.7503549535955407, -0.9811240462406192], "rotation": [[0.47920322522405095, -0.7655766178811044, 0.42925133789960024], [0.475602662803342, 0.6375313515488796, 0.6060989052346403], [-0.7376763355762728, -0.08629147087625894, 0.6696173578879012]], "fy": 1107.370371851383, "fx": 1107.0813782412656}, {"id": 78, "img_name": "r_8", "width": 801, "height": 802, "position": [2.5020154952454616, 2.4656159998121896, -1.5137769825899676], "rotation": [[0.76531574553713, 0.2161542183024467, -0.6062748250942023], [-0.3510989777559714, 0.9296451484269982, -0.11175601024041862], [0.5394639167281339, 0.2983911056251558, 0.7873635949370137]], "fy": 1107.370371851383, "fx": 1107.0813782412656}, {"id": 79, "img_name": "r_80", "width": 801, "height": 802, "position": [-0.6448444096748568, -2.42720713998174, 2.7859851814020393], "rotation": [[-0.9909285479270387, -0.09351944966824317, 0.09651282524596735], [0.07842798163243732, 0.1807565424709053, 0.9803959016902434], [-0.10913140977863238, 0.9790715933412185, -0.17178227647814925]], "fy": 1107.370371851383, "fx": 1107.0813782412656}, {"id": 80, "img_name": "r_81", "width": 801, "height": 802, "position": [-2.519613460157555, 2.7348610523746966, -1.7560576479724526], "rotation": [[0.841641664358194, -0.16735648671191403, 0.5134502071007607], [0.2917133579662612, 0.9410136286736881, -0.1714545637608588], [-0.4544696091054023, 0.29408358846733246, 0.8408163993368347]], "fy": 1107.370371851383, "fx": 1107.0813782412656}, {"id": 81, "img_name": "r_82", "width": 801, "height": 802, "position": [-1.140094767843757, -1.0149214230871548, -1.1974513639870465], "rotation": [[0.7629026561679108, -0.6126969637651728, 0.20635398664645396], [0.35004355465288123, 0.6598035476977209, 0.6649276564345], [-0.5435522486918086, -0.43504219225086627, 0.7178365022089908]], "fy": 1107.370371851383, "fx": 1107.0813782412656}, {"id": 82, "img_name": "r_83", "width": 801, "height": 802, "position": [1.628377677713985, 2.040520466949327, -2.067021436407003], "rotation": [[0.8824925422333295, 0.2278120451102609, -0.41147124444514377], [-0.257290005754629, 0.9661867118448342, -0.01688463186599835], [0.3937115261728285, 0.12076800055125418, 0.9112663300054022]], "fy": 1107.370371851383, "fx": 1107.0813782412656}, {"id": 83, "img_name": "r_84", "width": 801, "height": 802, "position": [1.8391588150927818, -2.0111699671615715, 1.9813984035649095], "rotation": [[-0.7166415053242925, 0.5251565500791425, -0.4589504883486939], [-0.3756055866941906, 0.2638608507219084, 0.8884243888482708], [0.58766095334865, 0.8090661588308359, 0.008158096841276911]], "fy": 1107.370371851383, "fx": 1107.0813782412656}, {"id": 84, "img_name": "r_85", "width": 801, "height": 802, "position": [1.4833735260764207, 3.546727673237037, -1.816381319487389], "rotation": [[0.9229594736419956, 0.0665451557591347, -0.3791009789745773], [-0.21073927309309667, 0.911559251408901, -0.3530562135794204], [0.3220788238780744, 0.4057480417892816, 0.8553559246263978]], "fy": 1107.370371851383, "fx": 1107.0813782412656}, {"id": 85, "img_name": "r_86", "width": 801, "height": 802, "position": [0.5615210364192996, -2.422591258272258, 1.5456141409736386], "rotation": [[-0.9275175959297276, 0.3314224802607404, -0.17283011548499605], [-0.1978503694469209, -0.04302459437802322, 0.979287555107448], [0.3171219647871381, 0.9425009410374217, 0.10547812850595845]], "fy": 1107.370371851383, "fx": 1107.0813782412656}, {"id": 86, "img_name": "r_87", "width": 801, "height": 802, "position": [1.9014054078957996, -0.40381949538245554, -1.1440224320849712], "rotation": [[0.5414487795252216, 0.6955790328494628, -0.47223196441034576], [-0.4577375196160213, 0.7150373171128991, 0.5283918983782397], [0.7052018025263551, -0.06993886041531994, 0.7055487038591922]], "fy": 1107.370371851383, "fx": 1107.0813782412656}, {"id": 87, "img_name": "r_88", "width": 801, "height": 802, "position": [-0.29568472342854735, -1.7724805712688563, -0.45006717926884887], "rotation": [[0.5666128252263543, -0.8237833731102517, 0.018189570531079457], [0.44563601598638375, 0.3249350905910526, 0.834161691854983], [-0.693078961983981, -0.4645407851735737, 0.551219930123655]], "fy": 1107.370371851383, "fx": 1107.0813782412656}, {"id": 88, "img_name": "r_89", "width": 801, "height": 802, "position": [3.7428241458295757, 0.14583262706321093, 3.086826465444293], "rotation": [[-0.43005343962582654, 0.19033585723498117, -0.8825113599929577], [-0.48973833742475054, 0.772013184205433, 0.40515676505450243], [0.758426265316831, 0.6064387066007684, -0.23879215902945888]], "fy": 1107.370371851383, "fx": 1107.0813782412656}, {"id": 89, "img_name": "r_9", "width": 801, "height": 802, "position": [0.9650719125608981, 2.325839089126816, -2.2906917827493447], "rotation": [[0.9549046488373636, 0.1370963517195037, -0.2633660987560726], [-0.16339128010678383, 0.9832653716605768, -0.08057604158963322], [0.24791208363824813, 0.11997416071133785, 0.9613250228449025]], "fy": 1107.370371851383, "fx": 1107.0813782412656}, {"id": 90, "img_name": "r_90", "width": 801, "height": 802, "position": [2.0164669443775995, 1.7141165094631095, -1.8602981838480206], "rotation": [[0.8124207517169723, 0.30289383658477426, -0.49822469422800153], [-0.3184931160150358, 0.9462732300623876, 0.055938440435256497], [0.48840009953998015, 0.11323558551202847, 0.8652416107325661]], "fy": 1107.370371851383, "fx": 1107.0813782412656}, {"id": 91, "img_name": "r_91", "width": 801, "height": 802, "position": [0.7371932397248815, -2.1026583054822305, 0.40178225976717963], "rotation": [[-0.6593077765656493, 0.7212510521270807, -0.21239156189839234], [-0.405950337069428, -0.10370359411482633, 0.9079922292623903], [0.6328645823501878, 0.6848667639572287, 0.3611646937803808]], "fy": 1107.370371851383, "fx": 1107.0813782412656}, {"id": 92, "img_name": "r_92", "width": 801, "height": 802, "position": [2.6947162873347006, -0.8594102231654351, 0.11270280936416305], "rotation": [[0.022117189851214625, 0.75990484311741, -0.6496579556349548], [-0.5433995687002137, 0.5545859509153729, 0.6301994381017115], [0.8391827802389098, 0.33908561227807293, 0.4251978467684162]], "fy": 1107.370371851383, "fx": 1107.0813782412656}, {"id": 93, "img_name": "r_93", "width": 801, "height": 802, "position": [1.7941168118892972, -0.598040796659038, -1.0599316999301487], "rotation": [[0.5097304493946265, 0.7342396399350718, -0.44840497333099233], [-0.4676428945416134, 0.6739391744141426, 0.57194065459165], [0.722139177821487, -0.08184216723669835, 0.6868892687451937]], "fy": 1107.370371851383, "fx": 1107.0813782412656}, {"id": 94, "img_name": "r_94", "width": 801, "height": 802, "position": [-0.07599431824906158, 1.940715319440727, -2.458314902538148], "rotation": [[0.9992316178791423, 0.023898832319822337, -0.03106476531990714], [-0.023743267021936795, 0.9997036818796595, 0.005367094873167097], [0.03118382756745713, -0.00462539187546125, 0.9995029638016294]], "fy": 1107.370371851383, "fx": 1107.0813782412656}, {"id": 95, "img_name": "r_95", "width": 801, "height": 802, "position": [-0.5092666544053535, -0.9029156416447464, 5.437284477604543], "rotation": [[-0.9978017744482471, 0.00010101766322033123, 0.06626921384293626], [0.04262501937400142, 0.7666678976095295, 0.6406273819455036], [-0.05074176417208117, 0.6420438649893135, -0.7649868945271474]], "fy": 1107.370371851383, "fx": 1107.0813782412656}, {"id": 96, "img_name": "r_96", "width": 801, "height": 802, "position": [-0.23740756117079914, 2.236088294830837, -2.4521469285007242], "rotation": [[0.9999873647304525, 0.0003706754674585014, 0.00501328027769502], [-6.621584224321947e-05, 0.9981624372630291, -0.06059492101316463], [-0.0050265291113389034, 0.06059382342142844, 0.9981498497561705]], "fy": 1107.370371851383, "fx": 1107.0813782412656}, {"id": 97, "img_name": "r_97", "width": 801, "height": 802, "position": [1.4885276651504873, 2.0244313408178836, -2.1276030955690555], "rotation": [[0.8992247544954501, 0.21639504897933326, -0.38022101951342663], [-0.23926535355304535, 0.9708628882979202, -0.013317008483745934], [0.36626074249328683, 0.10294870034658965, 0.9247997802796097]], "fy": 1107.370371851383, "fx": 1107.0813782412656}, {"id": 98, "img_name": "r_98", "width": 801, "height": 802, "position": [3.5217971460532036, -0.4389870127505005, 2.6301143776178377], "rotation": [[-0.4376386734448506, 0.33781494914616655, -0.8332787358614189], [-0.48803004212482265, 0.6891093399043831, 0.535681804469957], [0.7551814811613663, 0.6411001308609432, -0.13671705351201222]], "fy": 1107.370371851383, "fx": 1107.0813782412656}, {"id": 99, "img_name": "r_99", "width": 801, "height": 802, "position": [-0.447594587629388, -2.5044840015619245, 2.2227216687351095], "rotation": [[-0.9967025262707851, -0.06190839007961992, 0.052454030952678865], [0.049447278286281725, 0.04914020015289026, 0.9975671443060928], [-0.06433537748015461, 0.9968714019203699, -0.045916960241315065]], "fy": 1107.370371851383, "fx": 1107.0813782412656}]