%YAML:1.0
---
names:
  - "11"
  - "12"
  - "13"
  - "15"
  - "17"
  - "19"
  - "25"
  - "27"
  - "31"
  - "7"
  - "9"
R_11: !!opencv-matrix
  rows: 3
  cols: 1
  dt: d
  data: [1.631797, -1.236095, 0.801056]
Rot_11: !!opencv-matrix
  rows: 3
  cols: 3
  dt: d
  data: [0.287431, -0.957452, -0.025882, -0.367472, -0.085281, -0.926116, 0.884504, 0.275706, -0.376349]
T_11: !!opencv-matrix
  rows: 3
  cols: 1
  dt: d
  data: [0.327633, 1.096058, 3.260243]
R_12: !!opencv-matrix
  rows: 3
  cols: 1
  dt: d
  data: [1.397918, -1.039015, 0.966726]
Rot_12: !!opencv-matrix
  rows: 3
  cols: 3
  dt: d
  data: [0.284905, -0.958548, 0.003826, -0.072820, -0.025624, -0.997016, 0.955786, 0.283776, -0.077102]
T_12: !!opencv-matrix
  rows: 3
  cols: 1
  dt: d
  data: [0.239329, 1.017435, 2.729216]
R_13: !!opencv-matrix
  rows: 3
  cols: 1
  dt: d
  data: [1.508721, -1.493962, 0.964183]
Rot_13: !!opencv-matrix
  rows: 3
  cols: 3
  dt: d
  data: [0.017582, -0.999775, -0.011857, -0.401010, 0.003812, -0.916066, 0.915905, 0.020862, -0.400853]
T_13: !!opencv-matrix
  rows: 3
  cols: 1
  dt: d
  data: [0.520782, 1.075787, 3.241011]
R_15: !!opencv-matrix
  rows: 3
  cols: 1
  dt: d
  data: [1.274068, -1.755616, 1.135550]
Rot_15: !!opencv-matrix
  rows: 3
  cols: 3
  dt: d
  data: [-0.290182, -0.956463, -0.031176, -0.363788, 0.140385, -0.920842, 0.885128, -0.255871, -0.388687]
T_15: !!opencv-matrix
  rows: 3
  cols: 1
  dt: d
  data: [0.632840, 0.951131, 3.557975]
R_17: !!opencv-matrix
  rows: 3
  cols: 1
  dt: d
  data: [1.071830, -1.929723, 1.323665]
Rot_17: !!opencv-matrix
  rows: 3
  cols: 3
  dt: d
  data: [-0.523499, -0.851985, -0.008433, -0.298911, 0.192915, -0.934578, 0.797873, -0.486730, -0.355658]
T_17: !!opencv-matrix
  rows: 3
  cols: 1
  dt: d
  data: [0.618285, 0.871746, 4.085294]
R_19: !!opencv-matrix
  rows: 3
  cols: 1
  dt: d
  data: [0.774792, -2.178453, 1.482846]
Rot_19: !!opencv-matrix
  rows: 3
  cols: 3
  dt: d
  data: [-0.770059, -0.637856, -0.012214, -0.222564, 0.286537, -0.931859, 0.597892, -0.714868, -0.362615]
T_19: !!opencv-matrix
  rows: 3
  cols: 1
  dt: d
  data: [0.595931, 0.849235, 4.189674]
R_25: !!opencv-matrix
  rows: 3
  cols: 1
  dt: d
  data: [0.270170, 2.592471, -1.580570]
Rot_25: !!opencv-matrix
  rows: 3
  cols: 3
  dt: d
  data: [-0.979975, 0.198731, -0.012479, 0.102120, 0.447788, -0.888289, -0.170943, -0.871775, -0.459116]
T_25: !!opencv-matrix
  rows: 3
  cols: 1
  dt: d
  data: [0.358523, 0.509994, 4.026444]
R_27: !!opencv-matrix
  rows: 3
  cols: 1
  dt: d
  data: [0.756799, 2.148471, -1.555088]
Rot_27: !!opencv-matrix
  rows: 3
  cols: 3
  dt: d
  data: [-0.782239, 0.622942, -0.006703, 0.200987, 0.242169, -0.949188, -0.589666, -0.743840, -0.314637]
T_27: !!opencv-matrix
  rows: 3
  cols: 1
  dt: d
  data: [0.235842, 0.856490, 4.890055]
R_31: !!opencv-matrix
  rows: 3
  cols: 1
  dt: d
  data: [1.851649, 0.673934, -0.497519]
Rot_31: !!opencv-matrix
  rows: 3
  cols: 3
  dt: d
  data: [0.754452, 0.655862, -0.025450, 0.217480, -0.286379, -0.933108, -0.619278, 0.698450, -0.358696]
T_31: !!opencv-matrix
  rows: 3
  cols: 1
  dt: d
  data: [-0.674027, 0.879208, 4.205751]
R_7: !!opencv-matrix
  rows: 3
  cols: 1
  dt: d
  data: [1.842508, -0.672233, 0.460437]
Rot_7: !!opencv-matrix
  rows: 3
  cols: 3
  dt: d
  data: [0.766188, -0.642611, -0.002572, -0.229805, -0.270256, -0.934960, 0.600121, 0.716946, -0.354743]
T_7: !!opencv-matrix
  rows: 3
  cols: 1
  dt: d
  data: [-0.068724, 1.114074, 3.437850]
R_9: !!opencv-matrix
  rows: 3
  cols: 1
  dt: d
  data: [1.720304, -0.954434, 0.660113]
Rot_9: !!opencv-matrix
  rows: 3
  cols: 3
  dt: d
  data: [0.536141, -0.844050, -0.011530, -0.287043, -0.169450, -0.942811, 0.793826, 0.508790, -0.333128]
T_9: !!opencv-matrix
  rows: 3
  cols: 1
  dt: d
  data: [0.217978, 1.197320, 3.469565]
