%YAML:1.0
---
names:
  - "1"
  - "10"
  - "11"
  - "12"
  - "13"
  - "14"
  - "15"
  - "16"
  - "17"
  - "18"
  - "19"
  - "2"
  - "20"
  - "21"
  - "22"
  - "23"
  - "24"
  - "25"
  - "26"
  - "27"
  - "28"
  - "29"
  - "3"
  - "30"
  - "31"
  - "32"
  - "4"
  - "5"
  - "6"
  - "7"
  - "8"
  - "9"
K_1: !!opencv-matrix
  rows: 3
  cols: 3
  dt: d
  data: [1692.723941, 0.000000, 1005.902341, 0.000000, 1697.237937, 545.725291, 0.000000, 0.000000, 1.000000]
dist_1: !!opencv-matrix
  rows: 1
  cols: 5
  dt: d
  data: [-0.041934, 0.330324, -0.004145, 0.011356, 0.000000]
K_10: !!opencv-matrix
  rows: 3
  cols: 3
  dt: d
  data: [1651.687452, 0.000000, 1085.193301, 0.000000, 1647.438804, 475.622434, 0.000000, 0.000000, 1.000000]
dist_10: !!opencv-matrix
  rows: 1
  cols: 5
  dt: d
  data: [0.155974, -0.975966, -0.016738, 0.030224, 0.000000]
K_11: !!opencv-matrix
  rows: 3
  cols: 3
  dt: d
  data: [1605.067049, 0.000000, 1002.329321, 0.000000, 1611.179942, 533.332415, 0.000000, 0.000000, 1.000000]
dist_11: !!opencv-matrix
  rows: 1
  cols: 5
  dt: d
  data: [-0.003509, -0.546545, -0.002931, 0.006635, 0.000000]
K_12: !!opencv-matrix
  rows: 3
  cols: 3
  dt: d
  data: [1606.377545, 0.000000, 1022.141194, 0.000000, 1614.080959, 479.235151, 0.000000, 0.000000, 1.000000]
dist_12: !!opencv-matrix
  rows: 1
  cols: 5
  dt: d
  data: [0.057719, -0.915301, -0.017263, 0.009549, 0.000000]
K_13: !!opencv-matrix
  rows: 3
  cols: 3
  dt: d
  data: [1598.939492, 0.000000, 970.495081, 0.000000, 1605.792766, 528.993981, 0.000000, 0.000000, 1.000000]
dist_13: !!opencv-matrix
  rows: 1
  cols: 5
  dt: d
  data: [0.028162, -1.491471, -0.003113, 0.001684, 0.000000]
K_14: !!opencv-matrix
  rows: 3
  cols: 3
  dt: d
  data: [1605.659825, 0.000000, 1027.622854, 0.000000, 1611.160550, 506.624267, 0.000000, 0.000000, 1.000000]
dist_14: !!opencv-matrix
  rows: 1
  cols: 5
  dt: d
  data: [0.068538, -0.907826, -0.010778, 0.013194, 0.000000]
K_15: !!opencv-matrix
  rows: 3
  cols: 3
  dt: d
  data: [1616.043761, 0.000000, 976.887794, 0.000000, 1622.719735, 533.842781, 0.000000, 0.000000, 1.000000]
dist_15: !!opencv-matrix
  rows: 1
  cols: 5
  dt: d
  data: [0.011527, -1.056398, -0.003304, 0.003538, 0.000000]
K_16: !!opencv-matrix
  rows: 3
  cols: 3
  dt: d
  data: [1633.775257, 0.000000, 987.965548, 0.000000, 1641.105419, 466.188624, 0.000000, 0.000000, 1.000000]
dist_16: !!opencv-matrix
  rows: 1
  cols: 5
  dt: d
  data: [0.049813, -0.807852, -0.017028, 0.004451, 0.000000]
K_17: !!opencv-matrix
  rows: 3
  cols: 3
  dt: d
  data: [1658.739548, 0.000000, 987.009545, 0.000000, 1664.719278, 538.300260, 0.000000, 0.000000, 1.000000]
dist_17: !!opencv-matrix
  rows: 1
  cols: 5
  dt: d
  data: [-0.003184, -0.312903, -0.002619, 0.007932, 0.000000]
K_18: !!opencv-matrix
  rows: 3
  cols: 3
  dt: d
  data: [1624.206466, 0.000000, 964.960663, 0.000000, 1630.342440, 487.717305, 0.000000, 0.000000, 1.000000]
dist_18: !!opencv-matrix
  rows: 1
  cols: 5
  dt: d
  data: [-0.038115, 0.506691, -0.015887, 0.001217, 0.000000]
K_19: !!opencv-matrix
  rows: 3
  cols: 3
  dt: d
  data: [1623.840653, 0.000000, 1005.104183, 0.000000, 1628.625642, 548.425597, 0.000000, 0.000000, 1.000000]
dist_19: !!opencv-matrix
  rows: 1
  cols: 5
  dt: d
  data: [0.014957, -0.969343, -0.000370, 0.011000, 0.000000]
K_2: !!opencv-matrix
  rows: 3
  cols: 3
  dt: d
  data: [1646.057943, 0.000000, 1064.975488, 0.000000, 1650.399591, 474.934086, 0.000000, 0.000000, 1.000000]
dist_2: !!opencv-matrix
  rows: 1
  cols: 5
  dt: d
  data: [-0.002512, -0.049746, -0.012103, 0.016326, 0.000000]
K_20: !!opencv-matrix
  rows: 3
  cols: 3
  dt: d
  data: [1700.823614, 0.000000, 988.548732, 0.000000, 1708.211322, 514.696001, 0.000000, 0.000000, 1.000000]
dist_20: !!opencv-matrix
  rows: 1
  cols: 5
  dt: d
  data: [0.029140, -0.401624, -0.009553, 0.005800, 0.000000]
K_21: !!opencv-matrix
  rows: 3
  cols: 3
  dt: d
  data: [1597.753381, 0.000000, 964.389301, 0.000000, 1603.941774, 571.427380, 0.000000, 0.000000, 1.000000]
dist_21: !!opencv-matrix
  rows: 1
  cols: 5
  dt: d
  data: [-0.065635, 0.454433, 0.003169, 0.003644, 0.000000]
K_22: !!opencv-matrix
  rows: 3
  cols: 3
  dt: d
  data: [1636.413646, 0.000000, 1037.717181, 0.000000, 1642.466772, 509.622323, 0.000000, 0.000000, 1.000000]
dist_22: !!opencv-matrix
  rows: 1
  cols: 5
  dt: d
  data: [0.016880, -0.226774, -0.008254, 0.015536, 0.000000]
K_23: !!opencv-matrix
  rows: 3
  cols: 3
  dt: d
  data: [1597.854031, 0.000000, 958.001499, 0.000000, 1603.803417, 580.059356, 0.000000, 0.000000, 1.000000]
dist_23: !!opencv-matrix
  rows: 1
  cols: 5
  dt: d
  data: [-0.054883, 0.338423, 0.004836, 0.002465, 0.000000]
K_24: !!opencv-matrix
  rows: 3
  cols: 3
  dt: d
  data: [1638.211552, 0.000000, 1025.705501, 0.000000, 1645.470069, 524.740425, 0.000000, 0.000000, 1.000000]
dist_24: !!opencv-matrix
  rows: 1
  cols: 5
  dt: d
  data: [0.004944, 0.007878, -0.005666, 0.013605, 0.000000]
K_25: !!opencv-matrix
  rows: 3
  cols: 3
  dt: d
  data: [1617.450677, 0.000000, 954.741859, 0.000000, 1623.639560, 554.021132, 0.000000, 0.000000, 1.000000]
dist_25: !!opencv-matrix
  rows: 1
  cols: 5
  dt: d
  data: [-0.057980, 0.428609, -0.001432, 0.002222, 0.000000]
K_26: !!opencv-matrix
  rows: 3
  cols: 3
  dt: d
  data: [1662.453899, 0.000000, 1052.184227, 0.000000, 1664.636088, 488.688300, 0.000000, 0.000000, 1.000000]
dist_26: !!opencv-matrix
  rows: 1
  cols: 5
  dt: d
  data: [-0.044633, 0.992953, -0.009339, 0.016899, 0.000000]
K_27: !!opencv-matrix
  rows: 3
  cols: 3
  dt: d
  data: [1637.092135, 0.000000, 915.338114, 0.000000, 1642.949480, 503.981409, 0.000000, 0.000000, 1.000000]
dist_27: !!opencv-matrix
  rows: 1
  cols: 5
  dt: d
  data: [-0.016600, -0.258408, -0.009379, -0.006082, 0.000000]
K_28: !!opencv-matrix
  rows: 3
  cols: 3
  dt: d
  data: [1640.291288, 0.000000, 993.010562, 0.000000, 1650.716626, 461.739557, 0.000000, 0.000000, 1.000000]
dist_28: !!opencv-matrix
  rows: 1
  cols: 5
  dt: d
  data: [-0.024460, 4.176407, -0.022350, 0.004315, 0.000000]
K_29: !!opencv-matrix
  rows: 3
  cols: 3
  dt: d
  data: [2666.802044, 0.000000, 1060.558633, 0.000000, 2676.191018, 426.056833, 0.000000, 0.000000, 1.000000]
dist_29: !!opencv-matrix
  rows: 1
  cols: 5
  dt: d
  data: [0.129770, -1.643326, -0.015656, 0.010428, 0.000000]
K_3: !!opencv-matrix
  rows: 3
  cols: 3
  dt: d
  data: [1617.197329, 0.000000, 1016.972803, 0.000000, 1620.938438, 535.263516, 0.000000, 0.000000, 1.000000]
dist_3: !!opencv-matrix
  rows: 1
  cols: 5
  dt: d
  data: [0.010372, -0.173899, -0.001861, 0.012544, 0.000000]
K_30: !!opencv-matrix
  rows: 3
  cols: 3
  dt: d
  data: [1622.062586, 0.000000, 1037.429002, 0.000000, 1614.391050, 512.942857, 0.000000, 0.000000, 1.000000]
dist_30: !!opencv-matrix
  rows: 1
  cols: 5
  dt: d
  data: [0.245338, -2.557329, -0.006074, 0.023316, 0.000000]
K_31: !!opencv-matrix
  rows: 3
  cols: 3
  dt: d
  data: [1618.310419, 0.000000, 976.725718, 0.000000, 1623.964334, 525.041573, 0.000000, 0.000000, 1.000000]
dist_31: !!opencv-matrix
  rows: 1
  cols: 5
  dt: d
  data: [-0.002504, -0.307917, -0.007623, 0.002573, 0.000000]
K_32: !!opencv-matrix
  rows: 3
  cols: 3
  dt: d
  data: [1561.727495, 0.000000, 982.232558, 0.000000, 1571.127313, 503.477387, 0.000000, 0.000000, 1.000000]
dist_32: !!opencv-matrix
  rows: 1
  cols: 5
  dt: d
  data: [0.329996, -7.116713, -0.017948, 0.005591, 0.000000]
K_4: !!opencv-matrix
  rows: 3
  cols: 3
  dt: d
  data: [1669.324048, 0.000000, 1067.112601, 0.000000, 1668.938605, 438.514778, 0.000000, 0.000000, 1.000000]
dist_4: !!opencv-matrix
  rows: 1
  cols: 5
  dt: d
  data: [0.017672, -0.076929, -0.016517, 0.018483, 0.000000]
K_5: !!opencv-matrix
  rows: 3
  cols: 3
  dt: d
  data: [1616.162624, 0.000000, 1001.652303, 0.000000, 1620.223491, 530.976464, 0.000000, 0.000000, 1.000000]
dist_5: !!opencv-matrix
  rows: 1
  cols: 5
  dt: d
  data: [0.061395, -0.605453, -0.002123, 0.011489, 0.000000]
